Tempo	WOW	HP	VCAS	PTstatic	PTtotal	RPM	XGPS	YGPS	ZGPS	RPME	Taxa de giro em X	Taxa de giro em Y	Taxa de giro em Z	Aceleração em X	Aceleração em Y	Aceleração em Z	Pitch	Roll	Pressao estática	Pressao total	Temperatura	Densidade do ar	Altitude relativa	Tempo GPS	Latitude	Longitude	Direção de curso	Velocidade GPS	Nivel de fixação GPS	Pressao Dinamica	Wow raw	Distância	Distancia referência	Mensagem	
seg	bit	ft	m/s	PA	PA	rpm	m	m	m	Rpd	º/s	º/s	º/s	g	g	g	º	º	PA	PA	ºC	Kg/m³	m	-	º	º	º	m/s	-	PA	bit	cm	cm	str	
81787.6878	1	67.172	2.1976	101079.320	101082.262	0.000	0.38	-2.30	3.49	0.000	-3.65	-2.34	0.26	1.05	-0.15	0.11	-8.12	-79.84	101079.320	101082.262	21.853	1.194	-4.477	2017-06-09T01:43:08.000Z	-27.585538	-48.550871	323.8	0.03	3	2.941	1	50	0	@t#c%$0#1$	
81787.7157	1	67.172	2.1976	101079.320	101082.262	0.000	0.38	-2.30	3.49	0.000	-3.21	-3.19	-0.06	1.02	-0.10	0.13	-5.57	-80.89	101079.320	101082.262	21.853	1.194	-4.477	2017-06-09T01:43:08.000Z	-27.585538	-48.550871	323.8	0.03	3	2.941	1	50	0	@t#c%$0#1$	
81787.7397	1	67.172	2.1976	101079.320	101082.262	0.000	0.38	-2.30	3.49	0.000	-3.21	-3.19	-0.06	1.02	-0.10	0.13	-5.57	-80.89	101079.320	101082.262	21.853	1.194	-4.477	2017-06-09T01:43:08.000Z	-27.585538	-48.550871	323.8	0.03	3	2.941	1	50	0	@t#c%$0#1$	
81787.7618	1	67.172	2.1976	101079.320	101082.262	0.000	0.38	-2.30	3.49	0.000	-2.98	-3.50	-0.40	1.06	-0.07	0.25	-3.89	-76.37	101079.320	101082.262	21.853	1.194	-4.477	2017-06-09T01:43:08.000Z	-27.585538	-48.550871	323.8	0.03	3	2.941	1	50	0	@t#c%$0#1$	
81787.7958	1	67.172	2.1976	101079.320	101082.262	0.000	0.38	-2.30	3.49	0.000	-2.89	-3.13	0.72	1.04	-0.11	0.13	-6.14	-80.67	101079.320	101082.262	21.853	1.194	-4.477	2017-06-09T01:43:08.000Z	-27.585538	-48.550871	323.8	0.03	3	2.941	1	50	0	@t#c%$0#1$	
81787.8180	1	67.163	2.1976	101079.352	101082.293	0.000	0.38	-2.30	3.49	0.000	-2.89	-3.13	0.72	1.04	-0.11	0.13	-6.14	-80.67	101079.352	101082.293	21.853	1.194	-4.480	2017-06-09T01:43:08.000Z	-27.585538	-48.550871	323.8	0.03	3	2.941	1	50	0	@t#c%$0#1$	
81787.8400	1	67.163	2.1976	101079.352	101082.293	0.000	0.38	-2.30	3.49	0.000	-2.49	-2.93	-0.11	1.08	-0.25	0.11	-12.91	-75.78	101079.352	101082.293	21.853	1.194	-4.480	2017-06-09T01:43:08.000Z	-27.585538	-48.550871	323.8	0.03	3	2.941	1	50	0	@t#c%$0#1$	
81787.8660	1	67.163	2.1976	101079.352	101082.293	0.000	0.38	-2.30	3.49	0.000	-2.24	-2.69	0.23	1.08	-0.19	0.12	-10.15	-78.16	101079.352	101082.293	21.853	1.194	-4.480	2017-06-09T01:43:08.000Z	-27.585538	-48.550871	323.8	0.03	3	2.941	1	50	0	@t#c%$0#1$	
81787.8879	1	67.163	0.0000	101079.352	101082.293	0.000	0.38	-2.30	3.49	0.000	-2.24	-2.69	0.23	1.08	-0.19	0.12	-10.15	-78.16	101079.352	101082.293	21.853	1.194	-4.480	2017-06-09T01:43:08.000Z	-27.585538	-48.550871	323.8	0.03	3	0.000	1	50	0	@t#c%$0#1$	
81787.9100	1	67.163	0.0000	101079.352	101082.293	0.000	0.38	-2.30	3.49	0.000	-3.53	-3.30	-0.38	1.02	-0.14	0.00	-7.99	-82.01	101079.352	101082.293	21.853	1.194	-4.480	2017-06-09T01:43:08.000Z	-27.585538	-48.550871	323.8	0.03	3	0.000	1	50	0	@t#c%$0#1$	
81787.9319	1	67.163	0.0000	101079.352	101082.293	0.000	0.38	-2.30	3.49	0.000	-3.53	-3.30	-0.38	1.02	-0.14	0.00	-7.99	-82.01	101079.352	101082.293	21.853	1.194	-4.480	2017-06-09T01:43:08.000Z	-27.585538	-48.550871	323.8	0.03	3	0.000	1	50	0	@t#c%$0#1$	
81787.9646	1	66.727	0.0000	101080.948	101080.948	0.000	0.38	-2.30	3.49	0.000	-4.00	-3.92	0.12	1.02	-0.10	0.13	-5.74	-80.87	101080.948	101080.948	21.856	1.194	-4.613	2017-06-09T01:43:08.000Z	-27.585538	-48.550871	323.8	0.03	3	0.000	1	50	0	@t#c%$0#1$	
81787.9865	1	66.727	0.0000	101080.948	101080.948	0.000	0.38	-2.30	3.49	0.000	-3.86	-4.18	0.55	1.07	-0.20	0.12	-10.68	-77.69	101080.948	101080.948	21.856	1.194	-4.613	2017-06-09T01:43:08.000Z	-27.585538	-48.550871	323.8	0.03	3	0.000	1	50	0	@t#c%$0#1$	
81788.0085	1	66.727	0.0000	101080.948	101080.948	0.000	0.38	-2.30	3.49	0.000	-3.86	-4.18	0.55	1.07	-0.20	0.12	-10.68	-77.69	101080.948	101080.948	21.856	1.194	-4.613	2017-06-09T01:43:08.000Z	-27.585538	-48.550871	323.8	0.03	3	0.000	1	50	0	@t#c%$0#1$	
81788.0304	1	66.727	0.0000	101080.948	101080.948	0.000	0.38	-2.30	3.49	0.000	-3.45	-2.31	0.24	0.95	-0.15	0.10	-8.88	-79.26	101080.948	101080.948	21.856	1.194	-4.613	2017-06-09T01:43:08.000Z	-27.585538	-48.550871	323.8	0.03	3	0.000	1	50	0	@t#c%$0#1$	
81788.0551	1	66.727	0.0000	101080.948	101080.948	0.000	0.38	-2.30	3.49	0.000	-3.68	-3.71	-0.49	0.91	-0.09	0.12	-5.30	-80.86	101080.948	101080.948	21.856	1.194	-4.613	2017-06-09T01:43:08.000Z	-27.585538	-48.550871	323.8	0.03	3	0.000	1	50	0	@t#c%$0#1$	
81788.0809	1	66.518	0.0000	101081.712	101081.712	0.000	0.38	-2.30	3.49	0.000	-3.68	-3.71	-0.49	0.91	-0.09	0.12	-5.30	-80.86	101081.712	101081.712	21.853	1.194	-4.677	2017-06-09T01:43:08.000Z	-27.585538	-48.550871	323.8	0.03	3	0.000	1	50	0	@t#c%$0#1$	
81788.1062	1	66.518	2.5376	101081.712	101081.712	0.000	0.38	-2.30	3.49	0.000	-3.77	-3.27	-0.76	0.97	-0.14	0.00	-8.09	-81.90	101081.712	101081.712	21.853	1.194	-4.677	2017-06-09T01:43:08.000Z	-27.585538	-48.550871	323.8	0.03	3	3.922	1	50	0	@t#c%$0#1$	
81788.1297	1	66.518	2.5376	101081.712	101081.712	0.000	0.38	-2.30	3.49	0.000	-3.77	-3.27	-0.76	0.97	-0.14	0.00	-8.09	-81.90	101081.712	101081.712	21.853	1.194	-4.677	2017-06-09T01:43:08.000Z	-27.585538	-48.550871	323.8	0.03	3	3.922	1	50	0	@t#c%$0#1$	
81788.1519	1	66.518	2.5376	101081.712	101081.712	0.000	0.38	-2.30	3.49	0.000	-3.18	-2.23	-1.21	1.03	-0.17	0.09	-9.17	-79.54	101081.712	101081.712	21.853	1.194	-4.677	2017-06-09T01:43:08.000Z	-27.585538	-48.550871	323.8	0.03	3	3.922	1	50	0	@t#c%$0#1$	
81788.1770	1	66.518	2.5376	101081.712	101081.712	0.000	0.38	-2.30	3.49	0.000	-2.38	-2.78	-0.55	1.09	-0.14	0.14	-7.33	-79.68	101081.712	101081.712	21.853	1.194	-4.677	2017-06-09T01:43:08.000Z	-27.585538	-48.550871	323.8	0.03	3	3.922	1	50	0	@t#c%$0#1$	
81788.1991	1	66.518	2.5376	101081.712	101081.712	0.000	0.38	-2.30	3.49	0.000	-2.38	-2.78	-0.55	1.09	-0.14	0.14	-7.33	-79.68	101081.712	101081.712	21.853	1.194	-4.677	2017-06-09T01:43:08.000Z	-27.585538	-48.550871	323.8	0.03	3	3.922	1	50	0	@t#c%$0#1$	
81788.2248	1	66.975	2.5376	101080.041	101083.962	0.000	0.38	-2.30	3.49	0.000	-2.89	-7.66	-2.18	0.95	-0.05	0.15	-3.02	-80.34	101080.041	101083.962	21.852	1.194	-4.537	2017-06-09T01:43:08.000Z	-27.585538	-48.550871	323.8	0.03	3	3.922	1	50	0	@t#c%$0#1$	
81788.2504	1	66.975	2.5376	101080.041	101083.962	0.000	0.38	-2.30	3.49	0.000	-2.78	-5.18	0.26	1.21	-0.25	0.11	-11.48	-77.38	101080.041	101083.962	21.852	1.194	-4.537	2017-06-09T01:43:08.000Z	-27.585538	-48.550871	323.8	0.03	3	3.922	1	50	0	@t#c%$0#1$	
81788.2725	1	66.975	2.5376	101080.041	101083.962	0.000	0.38	-2.30	3.49	0.000	-2.78	-5.18	0.26	1.21	-0.25	0.11	-11.48	-77.38	101080.041	101083.962	21.852	1.194	-4.537	2017-06-09T01:43:08.000Z	-27.585538	-48.550871	323.8	0.03	3	3.922	1	50	0	@t#c%$0#1$	
81788.2946	1	66.975	2.5376	101080.041	101083.962	0.000	0.35	-2.24	3.50	0.000	-2.18	-2.84	-0.34	1.03	-0.15	0.07	-8.50	-80.75	101080.041	101083.962	21.852	1.194	-4.537	2017-06-09T01:43:09.000Z	-27.585538	-48.550872	342.3	0.03	3	3.922	1	50	0	@t#c%$0#1$	
81788.3203	1	66.975	0.0000	101080.041	101083.962	0.000	0.35	-2.24	3.50	0.000	-2.95	-2.15	0.40	1.04	-0.09	0.13	-5.04	-81.34	101080.041	101083.962	21.852	1.194	-4.537	2017-06-09T01:43:09.000Z	-27.585538	-48.550872	342.3	0.03	3	0	1	50	0	@t#c%$0#1$	
81788.3574	1	67.276	0.0000	101078.940	101078.940	0.000	0.35	-2.24	3.50	0.000	-2.95	-2.15	0.40	1.04	-0.09	0.13	-5.04	-81.34	101078.940	101078.940	21.848	1.194	-4.446	2017-06-09T01:43:09.000Z	-27.585538	-48.550872	342.3	0.03	3	0	1	50	0	@t#c%$0#1$	
81788.3796	1	67.276	0.0000	101078.940	101078.940	0.000	0.35	-2.24	3.50	0.000	-4.06	-3.34	-0.18	0.91	-0.07	0.11	-4.40	-81.98	101078.940	101078.940	21.848	1.194	-4.446	2017-06-09T01:43:09.000Z	-27.585538	-48.550872	342.3	0.03	3	0	1	50	0	@t#c%$0#1$	
81788.4066	1	67.276	0.0000	101078.940	101078.940	0.000	0.35	-2.24	3.50	0.000	-4.66	-3.48	3.86	1.08	-0.16	0.12	-8.23	-79.70	101078.940	101078.940	21.848	1.194	-4.446	2017-06-09T01:43:09.000Z	-27.585538	-48.550872	342.3	0.03	3	0	1	50	0	@t#c%$0#1$	
81788.4287	1	67.276	0.0000	101078.940	101078.940	0.000	0.35	-2.24	3.50	0.000	-4.66	-3.48	3.86	1.08	-0.16	0.12	-8.23	-79.70	101078.940	101078.940	21.848	1.194	-4.446	2017-06-09T01:43:09.000Z	-27.585538	-48.550872	342.3	0.03	3	0	1	50	0	@t#c%$0#1$	
81788.4509	1	67.276	0.0000	101078.940	101078.940	0.000	0.35	-2.24	3.50	0.000	-4.29	-2.67	0.11	1.00	-0.14	0.10	-7.86	-80.34	101078.940	101078.940	21.848	1.194	-4.446	2017-06-09T01:43:09.000Z	-27.585538	-48.550872	342.3	0.03	3	0	1	50	0	@t#c%$0#1$	
81788.4730	1	66.166	0.0000	101082.998	101082.998	0.000	0.35	-2.24	3.50	0.000	-3.65	-2.90	-0.26	1.00	-0.08	0.15	-4.30	-80.50	101082.998	101082.998	21.852	1.194	-4.784	2017-06-09T01:43:09.000Z	-27.585538	-48.550872	342.3	0.03	3	0	1	50	0	@t#c%$0#1$	
81788.5023	1	66.166	0.0000	101082.998	101082.998	0.000	0.35	-2.24	3.50	0.000	-3.65	-2.90	-0.26	1.00	-0.08	0.15	-4.30	-80.50	101082.998	101082.998	21.852	1.194	-4.784	2017-06-09T01:43:09.000Z	-27.585538	-48.550872	342.3	0.03	3	0	1	50	0	@t#c%$0#1$	
81788.5246	1	66.166	0.0000	101082.998	101082.998	0.000	0.35	-2.24	3.50	0.000	-3.66	-3.65	-0.46	1.00	-0.10	0.14	-5.73	-80.27	101082.998	101082.998	21.852	1.194	-4.784	2017-06-09T01:43:09.000Z	-27.585538	-48.550872	342.3	0.03	3	0	1	50	0	@t#c%$0#1$	
81788.5468	1	66.166	2.5376	101082.998	101082.998	0.000	0.35	-2.24	3.50	0.000	-3.66	-3.65	-0.46	1.00	-0.10	0.14	-5.73	-80.27	101082.998	101082.998	21.852	1.194	-4.784	2017-06-09T01:43:09.000Z	-27.585538	-48.550872	342.3	0.03	3	3.922	1	50	0	@t#c%$0#1$	
81788.5760	1	66.166	2.5376	101082.998	101082.998	0.000	0.35	-2.24	3.50	0.000	-3.34	-3.48	-0.12	0.99	-0.18	0.10	-10.47	-78.08	101082.998	101082.998	21.852	1.194	-4.784	2017-06-09T01:43:09.000Z	-27.585538	-48.550872	342.3	0.03	3	3.922	1	50	0	@t#c%$0#1$	
81788.5993	1	67.209	2.5376	101079.187	101083.108	0.000	0.35	-2.24	3.50	0.000	-2.50	-3.37	-0.73	0.97	-0.13	0.10	-7.66	-80.24	101079.187	101083.108	21.854	1.194	-4.466	2017-06-09T01:43:09.000Z	-27.585538	-48.550872	342.3	0.03	3	3.922	1	50	0	@t#c%$0#1$	
81788.6214	1	67.209	2.5376	101079.187	101083.108	0.000	0.35	-2.24	3.50	0.000	-2.50	-3.37	-0.73	0.97	-0.13	0.10	-7.66	-80.24	101079.187	101083.108	21.854	1.194	-4.466	2017-06-09T01:43:09.000Z	-27.585538	-48.550872	342.3	0.03	3	3.922	1	50	0	@t#c%$0#1$	
81788.6506	1	67.209	2.5376	101079.187	101083.108	0.000	0.35	-2.24	3.50	0.000	-2.37	-3.13	-0.92	0.98	-0.07	0.13	-4.16	-81.12	101079.187	101083.108	21.854	1.194	-4.466	2017-06-09T01:43:09.000Z	-27.585538	-48.550872	342.3	0.03	3	3.922	1	50	0	@t#c%$0#1$	
81788.6725	1	67.209	2.5376	101079.187	101083.108	0.000	0.35	-2.24	3.50	0.000	-2.79	-3.22	0.03	0.97	-0.14	0.12	-8.24	-79.10	101079.187	101083.108	21.854	1.194	-4.466	2017-06-09T01:43:09.000Z	-27.585538	-48.550872	342.3	0.03	3	3.922	1	50	0	@t#c%$0#1$	
81788.6946	1	67.209	2.5376	101079.187	101083.108	0.000	0.35	-2.24	3.50	0.000	-2.79	-3.22	0.03	0.97	-0.14	0.12	-8.24	-79.10	101079.187	101083.108	21.854	1.194	-4.466	2017-06-09T01:43:09.000Z	-27.585538	-48.550872	342.3	0.03	3	3.922	1	50	0		
81788.7182	1	67.209	2.5376	101079.187	101083.108	0.000	0.35	-2.24	3.50	0.000	-2.98	-2.96	-0.49	0.96	-0.16	0.11	-9.29	-78.57	101079.187	101083.108	21.854	1.194	-4.466	2017-06-09T01:43:09.000Z	-27.585538	-48.550872	342.3	0.03	3	3.922	1	50	0		
81788.7410	1	66.996	2.5376	101079.965	101083.886	0.000	0.35	-2.24	3.50	0.000	-2.67	-3.42	-1.27	0.99	-0.13	0.11	-7.43	-80.35	101079.965	101083.886	21.854	1.194	-4.531	2017-06-09T01:43:09.000Z	-27.585538	-48.550872	342.3	0.03	3	3.922	1	50	0		
81788.7630	1	66.996	2.1976	101079.965	101083.886	0.000	0.35	-2.24	3.50	0.000	-2.67	-3.42	-1.27	0.99	-0.13	0.11	-7.43	-80.35	101079.965	101083.886	21.854	1.194	-4.531	2017-06-09T01:43:09.000Z	-27.585538	-48.550872	342.3	0.03	3	2.941	1	50	0		
81788.7850	1	66.996	2.1976	101079.965	101083.886	0.000	0.35	-2.24	3.50	0.000	-3.02	-2.75	-2.03	0.99	-0.08	0.12	-4.69	-81.83	101079.965	101083.886	21.854	1.194	-4.531	2017-06-09T01:43:09.000Z	-27.585538	-48.550872	342.3	0.03	3	2.941	1	50	0		
81788.8069	1	66.996	2.1976	101079.965	101083.886	0.000	0.35	-2.24	3.50	0.000	-3.02	-2.75	-2.03	0.99	-0.08	0.12	-4.69	-81.83	101079.965	101083.886	21.854	1.194	-4.531	2017-06-09T01:43:09.000Z	-27.585538	-48.550872	342.3	0.03	3	2.941	1	50	0		
81788.8359	1	66.996	2.1976	101079.965	101083.886	0.000	0.35	-2.24	3.50	0.000	-3.82	-3.36	-0.21	1.02	-0.25	0.13	-13.40	-74.77	101079.965	101083.886	21.854	1.194	-4.531	2017-06-09T01:43:09.000Z	-27.585538	-48.550872	342.3	0.03	3	2.941	1	50	0		
81788.8597	1	66.336	2.1976	101082.375	101085.316	0.000	0.35	-2.24	3.50	0.000	-7.74	-3.18	-0.84	0.97	-0.16	0.10	-9.22	-79.18	101082.375	101085.316	21.853	1.194	-4.732	2017-06-09T01:43:09.000Z	-27.585538	-48.550872	342.3	0.03	3	2.941	1	50	0		
81788.8817	1	66.336	2.1976	101082.375	101085.316	0.000	0.35	-2.24	3.50	0.000	-7.74	-3.18	-0.84	0.97	-0.16	0.10	-9.22	-79.18	101082.375	101085.316	21.853	1.194	-4.732	2017-06-09T01:43:09.000Z	-27.585538	-48.550872	342.3	0.03	3	2.941	1	50	0		
81788.9107	1	66.336	2.1976	101082.375	101085.316	0.000	0.35	-2.24	3.50	0.000	-4.09	-2.73	-1.66	1.04	-0.12	0.14	-6.56	-79.73	101082.375	101085.316	21.853	1.194	-4.732	2017-06-09T01:43:09.000Z	-27.585538	-48.550872	342.3	0.03	3	2.941	1	50	0		
81788.9326	1	66.336	2.1976	101082.375	101085.316	0.000	0.35	-2.24	3.50	0.000	-3.25	-2.24	-0.78	1.05	-0.09	0.12	-4.99	-81.85	101082.375	101085.316	21.853	1.194	-4.732	2017-06-09T01:43:09.000Z	-27.585538	-48.550872	342.3	0.03	3	2.941	1	50	0		
81788.9546	1	66.336	2.1976	101082.375	101085.316	0.000	0.35	-2.24	3.50	0.000	-3.25	-2.24	-0.78	1.05	-0.09	0.12	-4.99	-81.85	101082.375	101085.316	21.853	1.194	-4.732	2017-06-09T01:43:09.000Z	-27.585538	-48.550872	342.3	0.03	3	2.941	1	50	0		
81788.9834	1	66.336	1.7943	101082.375	101085.316	0.000	0.35	-2.24	3.50	0.000	-3.30	-3.44	0.64	1.03	-0.12	0.13	-6.68	-80.34	101082.375	101085.316	21.853	1.194	-4.732	2017-06-09T01:43:09.000Z	-27.585538	-48.550872	342.3	0.03	3	1.961	1	50	0		
81789.0055	1	66.815	1.7943	101080.624	101082.584	0.000	0.35	-2.24	3.50	0.000	-2.67	-3.74	-0.35	1.07	-0.12	0.13	-6.57	-80.54	101080.624	101082.584	21.853	1.194	-4.586	2017-06-09T01:43:09.000Z	-27.585538	-48.550872	342.3	0.03	3	1.961	1	50	0		
81789.0275	1	66.815	1.7943	101080.624	101082.584	0.000	0.35	-2.24	3.50	0.000	-2.67	-3.74	-0.35	1.07	-0.12	0.13	-6.57	-80.54	101080.624	101082.584	21.853	1.194	-4.586	2017-06-09T01:43:09.000Z	-27.585538	-48.550872	342.3	0.03	3	1.961	1	50	0		
81789.0494	1	66.815	1.7943	101080.624	101082.584	0.000	0.35	-2.24	3.50	0.000	-2.70	-3.05	-0.43	1.07	-0.09	0.12	-4.88	-82.06	101080.624	101082.584	21.853	1.194	-4.586	2017-06-09T01:43:09.000Z	-27.585538	-48.550872	342.3	0.03	3	1.961	1	50	0		
81789.0769	1	66.815	1.7943	101080.624	101082.584	0.000	0.35	-2.24	3.50	0.000	-2.66	-2.75	0.70	1.04	-0.08	0.11	-4.37	-82.45	101080.624	101082.584	21.853	1.194	-4.586	2017-06-09T01:43:09.000Z	-27.585538	-48.550872	342.3	0.03	3	1.961	1	50	0		
81789.0997	1	66.815	1.7943	101080.624	101082.584	0.000	0.35	-2.24	3.50	0.000	-2.66	-2.75	0.70	1.04	-0.08	0.11	-4.37	-82.45	101080.624	101082.584	21.853	1.194	-4.586	2017-06-09T01:43:09.000Z	-27.585538	-48.550872	342.3	0.03	3	1.961	1	50	0		
81789.1218	1	66.815	1.7943	101080.624	101082.584	0.000	0.35	-2.24	3.50	0.000	-3.13	-7.69	0.73	1.00	-0.17	0.12	-9.49	-78.49	101080.624	101082.584	21.853	1.194	-4.586	2017-06-09T01:43:09.000Z	-27.585538	-48.550872	342.3	0.03	3	1.961	1	50	0		
81789.1478	1	66.949	1.7943	101080.135	101082.096	0.000	0.35	-2.24	3.50	0.000	-3.13	-7.69	0.73	1.00	-0.17	0.12	-9.49	-78.49	101080.135	101082.096	21.853	1.194	-4.545	2017-06-09T01:43:09.000Z	-27.585538	-48.550872	342.3	0.03	3	1.961	1	50	0		
81789.1771	1	66.949	1.7943	101080.135	101082.096	0.000	0.35	-2.24	3.50	0.000	-3.73	-7.80	-1.92	0.96	-0.11	0.14	-6.36	-79.67	101080.135	101082.096	21.853	1.194	-4.545	2017-06-09T01:43:09.000Z	-27.585538	-48.550872	342.3	0.03	3	1.961	1	50	0		
81789.2027	1	66.949	0.0000	101080.135	101082.096	0.000	0.35	-2.24	3.50	0.000	-4.17	-2.95	-0.85	1.02	-0.10	0.10	-5.60	-82.19	101080.135	101082.096	21.853	1.194	-4.545	2017-06-09T01:43:09.000Z	-27.585538	-48.550872	342.3	0.03	3	0.000	1	50	0		
81789.2281	1	66.949	0.0000	101080.135	101082.096	0.000	0.35	-2.24	3.50	0.000	-4.17	-2.95	-0.85	1.02	-0.10	0.10	-5.60	-82.19	101080.135	101082.096	21.853	1.194	-4.545	2017-06-09T01:43:09.000Z	-27.585538	-48.550872	342.3	0.03	3	0.000	1	50	0		
81789.2500	1	66.949	0.0000	101080.135	101082.096	0.000	0.35	-2.24	3.50	0.000	-3.40	-2.47	-0.99	1.04	-0.15	0.12	-8.41	-79.17	101080.135	101082.096	21.853	1.194	-4.545	2017-06-09T01:43:09.000Z	-27.585538	-48.550872	342.3	0.03	3	0.000	1	50	0		
81789.2773	1	66.478	0.0000	101081.856	101081.856	0.000	0.35	-2.24	3.50	0.000	-3.51	-3.24	-0.96	0.95	-0.13	0.14	-7.48	-78.79	101081.856	101081.856	21.853	1.194	-4.689	2017-06-09T01:43:09.000Z	-27.585538	-48.550872	342.3	0.03	3	0.000	1	50	0		
81789.3009	1	66.478	0.0000	101081.856	101081.856	0.000	0.36	-2.21	3.51	0.000	-3.51	-3.24	-0.96	0.95	-0.13	0.14	-7.48	-78.79	101081.856	101081.856	21.853	1.194	-4.689	2017-06-09T01:43:10.000Z	-27.585538	-48.550872	339.4	0.00	3	0.000	1	50	0		
81789.3229	1	66.478	0.0000	101081.856	101081.856	0.000	0.36	-2.21	3.51	0.000	-3.25	-4.12	-1.34	1.05	-0.11	0.13	-5.97	-80.61	101081.856	101081.856	21.853	1.194	-4.689	2017-06-09T01:43:10.000Z	-27.585538	-48.550872	339.4	0.00	3	0.000	1	50	0		
81789.3452	1	66.478	0.0000	101081.856	101081.856	0.000	0.36	-2.21	3.51	0.000	-3.25	-4.12	-1.34	1.05	-0.11	0.13	-5.97	-80.61	101081.856	101081.856	21.853	1.194	-4.689	2017-06-09T01:43:10.000Z	-27.585538	-48.550872	339.4	0.00	3	0.000	1	50	0		
81789.3761	1	66.478	0.0000	101081.856	101081.856	0.000	0.36	-2.21	3.51	0.000	-2.87	-3.15	-1.05	1.04	-0.08	0.11	-4.59	-82.61	101081.856	101081.856	21.853	1.194	-4.689	2017-06-09T01:43:10.000Z	-27.585538	-48.550872	339.4	0.00	3	0.000	1	50	0		
81789.3980	1	66.385	0.0000	101082.196	101082.196	0.000	0.36	-2.21	3.51	0.000	-2.50	-3.16	-0.55	1.05	-0.14	0.12	-7.74	-79.94	101082.196	101082.196	21.853	1.194	-4.717	2017-06-09T01:43:10.000Z	-27.585538	-48.550872	339.4	0.00	3	0.000	1	50	0		
81789.4219	1	66.385	2.8371	101082.196	101082.196	0.000	0.36	-2.21	3.51	0.000	-2.53	-4.38	0.17	1.05	-0.14	0.11	-7.35	-80.51	101082.196	101082.196	21.853	1.194	-4.717	2017-06-09T01:43:10.000Z	-27.585538	-48.550872	339.4	0.00	3	4.902	1	50	0		
81789.4509	1	66.385	2.8371	101082.196	101082.196	0.000	0.36	-2.21	3.51	0.000	-2.53	-4.38	0.17	1.05	-0.14	0.11	-7.35	-80.51	101082.196	101082.196	21.853	1.194	-4.717	2017-06-09T01:43:10.000Z	-27.585538	-48.550872	339.4	0.00	3	4.902	1	50	0		
81789.4728	1	66.385	2.8371	101082.196	101082.196	0.000	0.36	-2.21	3.51	0.000	-2.76	-3.56	-0.58	1.06	-0.08	0.10	-4.23	-82.95	101082.196	101082.196	21.853	1.194	-4.717	2017-06-09T01:43:10.000Z	-27.585538	-48.550872	339.4	0.00	3	4.902	1	50	0		
81789.4950	1	66.385	2.8371	101082.196	101082.196	0.000	0.36	-2.21	3.51	0.000	-2.76	-3.56	-0.58	1.06	-0.08	0.10	-4.23	-82.95	101082.196	101082.196	21.853	1.194	-4.717	2017-06-09T01:43:10.000Z	-27.585538	-48.550872	339.4	0.00	3	4.902	1	50	0		
81789.5239	1	66.680	2.8371	101081.118	101086.020	0.000	0.36	-2.21	3.51	0.000	-2.84	-2.70	0.49	1.06	-0.10	0.09	-5.53	-82.75	101081.118	101086.020	21.854	1.194	-4.627	2017-06-09T01:43:10.000Z	-27.585538	-48.550872	339.4	0.00	3	4.902	1	50	0		
81789.5460	1	66.680	2.8371	101081.118	101086.020	0.000	0.36	-2.21	3.51	0.000	-3.30	-2.18	0.92	1.07	-0.19	0.15	-9.75	-77.56	101081.118	101086.020	21.854	1.194	-4.627	2017-06-09T01:43:10.000Z	-27.585538	-48.550872	339.4	0.00	3	4.902	1	50	0		
81789.5678	1	66.680	2.8371	101081.118	101086.020	0.000	0.36	-2.21	3.51	0.000	-3.30	-2.18	0.92	1.07	-0.19	0.15	-9.75	-77.56	101081.118	101086.020	21.854	1.194	-4.627	2017-06-09T01:43:10.000Z	-27.585538	-48.550872	339.4	0.00	3	4.902	1	50	0		
81789.5896	1	66.680	2.8371	101081.118	101086.020	0.000	0.36	-2.21	3.51	0.000	-4.02	-3.28	-0.75	1.02	-0.12	0.17	-6.54	-78.48	101081.118	101086.020	21.854	1.194	-4.627	2017-06-09T01:43:10.000Z	-27.585538	-48.550872	339.4	0.00	3	4.902	1	50	0		
81789.6143	1	66.680	2.8371	101081.118	101086.020	0.000	0.36	-2.21	3.51	0.000	-4.18	-3.33	0.08	1.07	-0.10	0.11	-5.39	-82.12	101081.118	101086.020	21.854	1.194	-4.627	2017-06-09T01:43:10.000Z	-27.585538	-48.550872	339.4	0.00	3	4.902	1	50	0		
81789.6379	1	66.680	2.5376	101081.118	101086.020	0.000	0.36	-2.21	3.51	0.000	-4.18	-3.33	0.08	1.07	-0.10	0.11	-5.39	-82.12	101081.118	101086.020	21.854	1.194	-4.627	2017-06-09T01:43:10.000Z	-27.585538	-48.550872	339.4	0.00	3	3.922	1	50	0		
81789.6635	1	66.813	2.5376	101080.631	101084.553	0.000	0.36	-2.21	3.51	0.000	-3.88	-2.90	1.48	1.01	-0.13	0.10	-7.06	-80.83	101080.631	101084.553	21.851	1.194	-4.587	2017-06-09T01:43:10.000Z	-27.585538	-48.550872	339.4	0.00	3	3.922	1	50	0		
81789.6883	1	66.813	2.5376	101080.631	101084.553	0.000	0.36	-2.21	3.51	0.000	-3.77	-3.40	0.12	1.00	-0.10	0.13	-5.87	-80.44	101080.631	101084.553	21.851	1.194	-4.587	2017-06-09T01:43:10.000Z	-27.585538	-48.550872	339.4	0.00	3	3.922	1	50	0		
81789.7107	1	66.813	2.5376	101080.631	101084.553	0.000	0.36	-2.21	3.51	0.000	-3.77	-3.40	0.12	1.00	-0.10	0.13	-5.87	-80.44	101080.631	101084.553	21.851	1.194	-4.587	2017-06-09T01:43:10.000Z	-27.585538	-48.550872	339.4	0.00	3	3.922	1	50	0		
81789.7327	1	66.813	2.5376	101080.631	101084.553	0.000	0.36	-2.21	3.51	0.000	-4.06	-3.63	-0.69	1.00	-0.12	0.14	-6.63	-79.68	101080.631	101084.553	21.851	1.194	-4.587	2017-06-09T01:43:10.000Z	-27.585538	-48.550872	339.4	0.00	3	3.922	1	50	0		
81789.7548	1	66.813	2.5376	101080.631	101084.553	0.000	0.36	-2.21	3.51	0.000	-3.60	-3.11	0.31	1.12	-0.12	0.08	-6.30	-82.40	101080.631	101084.553	21.851	1.194	-4.587	2017-06-09T01:43:10.000Z	-27.585538	-48.550872	339.4	0.00	3	3.922	1	50	0		
81789.7843	1	66.276	2.5376	101082.593	101086.515	0.000	0.36	-2.21	3.51	0.000	-3.60	-3.11	0.31	1.12	-0.12	0.08	-6.30	-82.40	101082.593	101086.515	21.852	1.194	-4.750	2017-06-09T01:43:10.000Z	-27.585538	-48.550872	339.4	0.00	3	3.922	1	50	0		
81789.8099	1	66.276	2.5376	101082.593	101086.515	0.000	0.36	-2.21	3.51	0.000	-2.96	-3.18	0.67	0.99	-0.13	0.12	-7.41	-79.95	101082.593	101086.515	21.852	1.194	-4.750	2017-06-09T01:43:10.000Z	-27.585538	-48.550872	339.4	0.00	3	3.922	1	50	0		
81789.8365	1	66.276	2.5376	101082.593	101086.515	0.000	0.36	-2.21	3.51	0.000	-2.82	-3.50	-0.21	0.96	-0.14	0.14	-8.33	-78.11	101082.593	101086.515	21.852	1.194	-4.750	2017-06-09T01:43:10.000Z	-27.585538	-48.550872	339.4	0.00	3	3.922	1	50	0		
81789.8637	1	66.276	2.8371	101082.593	101086.515	0.000	0.36	-2.21	3.51	0.000	-2.82	-3.50	-0.21	0.96	-0.14	0.14	-8.33	-78.11	101082.593	101086.515	21.852	1.194	-4.750	2017-06-09T01:43:10.000Z	-27.585538	-48.550872	339.4	0.00	3	4.902	1	50	0		
81789.8860	1	66.276	2.8371	101082.593	101086.515	0.000	0.36	-2.21	3.51	0.000	-3.28	-3.37	-0.46	0.95	-0.12	0.12	-7.34	-79.59	101082.593	101086.515	21.852	1.194	-4.750	2017-06-09T01:43:10.000Z	-27.585538	-48.550872	339.4	0.00	3	4.902	1	50	0		
81789.9102	1	66.276	2.8371	101082.593	101086.515	0.000	0.36	-2.21	3.51	0.000	-3.01	-2.99	0.02	0.97	-0.11	0.09	-6.63	-81.51	101082.593	101086.515	21.852	1.194	-4.750	2017-06-09T01:43:10.000Z	-27.585538	-48.550872	339.4	0.00	3	4.902	1	50	0		
81789.9324	1	66.670	2.8371	101081.157	101086.059	0.000	0.36	-2.21	3.51	0.000	-3.01	-2.99	0.02	0.97	-0.11	0.09	-6.63	-81.51	101081.157	101086.059	21.853	1.194	-4.631	2017-06-09T01:43:10.000Z	-27.585538	-48.550872	339.4	0.00	3	4.902	1	50	0		
81789.9546	1	66.670	2.8371	101081.157	101086.059	0.000	0.36	-2.21	3.51	0.000	-2.98	-2.78	-0.21	0.97	-0.13	0.12	-7.81	-79.55	101081.157	101086.059	21.853	1.194	-4.631	2017-06-09T01:43:10.000Z	-27.585538	-48.550872	339.4	0.00	3	4.902	1	50	0		
81789.9767	1	66.670	2.8371	101081.157	101086.059	0.000	0.36	-2.21	3.51	0.000	-3.36	-3.13	-1.02	0.96	-0.15	0.14	-8.73	-78.09	101081.157	101086.059	21.853	1.194	-4.631	2017-06-09T01:43:10.000Z	-27.585538	-48.550872	339.4	0.00	3	4.902	1	50	0		
81790.0059	1	66.670	2.8371	101081.157	101086.059	0.000	0.36	-2.21	3.51	0.000	-3.36	-3.13	-1.02	0.96	-0.15	0.14	-8.73	-78.09	101081.157	101086.059	21.853	1.194	-4.631	2017-06-09T01:43:10.000Z	-27.585538	-48.550872	339.4	0.00	3	4.902	1	50	0		
81790.0280	1	66.670	2.8371	101081.157	101086.059	0.000	0.36	-2.21	3.51	0.000	-3.68	-3.08	-0.99	0.96	-0.13	0.11	-7.49	-80.02	101081.157	101086.059	21.853	1.194	-4.631	2017-06-09T01:43:10.000Z	-27.585538	-48.550872	339.4	0.00	3	4.902	1	50	0		
81790.0500	1	66.780	2.8371	101080.755	101085.657	0.000	0.36	-2.21	3.51	0.000	-3.68	-3.08	-0.99	0.96	-0.13	0.11	-7.49	-80.02	101080.755	101085.657	21.852	1.194	-4.597	2017-06-09T01:43:10.000Z	-27.585538	-48.550872	339.4	0.00	3	4.902	1	50	0		
81790.0936	1	66.780	3.3569	101080.755	101085.657	0.000	0.36	-2.21	3.51	0.000	-3.45	-2.99	-1.05	0.99	-0.09	0.10	-5.07	-82.26	101080.755	101085.657	21.852	1.194	-4.597	2017-06-09T01:43:10.000Z	-27.585538	-48.550872	339.4	0.00	3	6.863	1	50	0		
81790.1232	1	66.780	3.3569	101080.755	101085.657	0.000	0.36	-2.21	3.51	0.000	-3.44	-3.27	-0.58	1.05	-0.13	0.14	-7.25	-79.37	101080.755	101085.657	21.852	1.194	-4.597	2017-06-09T01:43:10.000Z	-27.585538	-48.550872	339.4	0.00	3	6.863	1	50	0		
81790.1457	1	66.780	3.3569	101080.755	101085.657	0.000	0.36	-2.21	3.51	0.000	-3.63	-3.47	-0.58	1.06	-0.13	0.13	-6.78	-80.14	101080.755	101085.657	21.852	1.194	-4.597	2017-06-09T01:43:10.000Z	-27.585538	-48.550872	339.4	0.00	3	6.863	1	50	0		
81790.1680	1	66.780	3.3569	101080.755	101085.657	0.000	0.36	-2.21	3.51	0.000	-3.63	-3.47	-0.58	1.06	-0.13	0.13	-6.78	-80.14	101080.755	101085.657	21.852	1.194	-4.597	2017-06-09T01:43:10.000Z	-27.585538	-48.550872	339.4	0.00	3	6.863	1	50	0		
81790.1992	1	66.702	3.3569	101081.037	101087.900	0.000	0.36	-2.21	3.51	0.000	-3.28	-3.28	-0.49	1.07	-0.07	0.11	-3.91	-82.77	101081.037	101087.900	21.854	1.194	-4.621	2017-06-09T01:43:10.000Z	-27.585538	-48.550872	339.4	0.00	3	6.863	1	50	0		
81790.2213	1	66.702	3.3569	101081.037	101087.900	0.000	0.36	-2.21	3.51	0.000	-3.05	-3.19	0.44	1.05	-0.10	0.12	-5.24	-81.83	101081.037	101087.900	21.854	1.194	-4.621	2017-06-09T01:43:10.000Z	-27.585538	-48.550872	339.4	0.00	3	6.863	1	50	0		
81790.2433	1	66.702	3.3569	101081.037	101087.900	0.000	0.36	-2.21	3.51	0.000	-3.05	-3.19	0.44	1.05	-0.10	0.12	-5.24	-81.83	101081.037	101087.900	21.854	1.194	-4.621	2017-06-09T01:43:10.000Z	-27.585538	-48.550872	339.4	0.00	3	6.863	1	50	0		
81790.2654	1	66.702	3.3569	101081.037	101087.900	0.000	0.36	-2.21	3.51	0.000	-3.11	-3.31	0.61	1.03	-0.13	0.13	-7.24	-79.72	101081.037	101087.900	21.854	1.194	-4.621	2017-06-09T01:43:10.000Z	-27.585538	-48.550872	339.4	0.00	3	6.863	1	50	0		
81790.2911	1	66.702	2.5376	101081.037	101087.900	0.000	0.32	-2.17	3.49	0.000	-3.28	-3.19	-0.26	0.96	-0.14	0.12	-7.98	-79.50	101081.037	101087.900	21.854	1.194	-4.621	2017-06-09T01:43:11.000Z	-27.585537	-48.550872	187.6	0.01	3	3.922	1	50	0		
81790.3249	1	66.607	2.5376	101081.384	101085.306	0.000	0.32	-2.17	3.49	0.000	-3.28	-3.19	-0.26	0.96	-0.14	0.12	-7.98	-79.50	101081.384	101085.306	21.850	1.194	-4.650	2017-06-09T01:43:11.000Z	-27.585537	-48.550872	187.6	0.01	3	3.922	1	50	0		
81790.3471	1	66.607	2.5376	101081.384	101085.306	0.000	0.32	-2.17	3.49	0.000	-3.22	-3.10	-0.87	0.96	-0.09	0.10	-5.38	-81.90	101081.384	101085.306	21.850	1.194	-4.650	2017-06-09T01:43:11.000Z	-27.585537	-48.550872	187.6	0.01	3	3.922	1	50	0		
81790.3691	1	66.607	2.5376	101081.384	101085.306	0.000	0.32	-2.17	3.49	0.000	-3.22	-3.10	-0.87	0.96	-0.09	0.10	-5.38	-81.90	101081.384	101085.306	21.850	1.194	-4.650	2017-06-09T01:43:11.000Z	-27.585537	-48.550872	187.6	0.01	3	3.922	1	50	0		
81790.3980	1	66.607	2.5376	101081.384	101085.306	0.000	0.32	-2.17	3.49	0.000	-3.10	-2.95	-0.55	0.98	-0.14	0.25	-7.75	-73.87	101081.384	101085.306	21.850	1.194	-4.650	2017-06-09T01:43:11.000Z	-27.585537	-48.550872	187.6	0.01	3	3.922	1	50	0		
81790.4201	1	66.607	2.5376	101081.384	101085.306	0.000	0.32	-2.17	3.49	0.000	-3.48	-3.04	-1.05	0.99	-0.15	0.13	-8.74	-78.50	101081.384	101085.306	21.850	1.194	-4.650	2017-06-09T01:43:11.000Z	-27.585537	-48.550872	187.6	0.01	3	3.922	1	50	0		
81790.4428	1	65.908	2.5376	101083.940	101087.862	0.000	0.32	-2.17	3.49	0.000	-3.48	-3.04	-1.05	0.99	-0.15	0.13	-8.74	-78.50	101083.940	101087.862	21.852	1.194	-4.863	2017-06-09T01:43:11.000Z	-27.585537	-48.550872	187.6	0.01	3	3.922	1	50	0		
81790.4702	1	65.908	2.5376	101083.940	101087.862	0.000	0.32	-2.17	3.49	0.000	-3.60	-3.24	-1.56	0.99	-0.11	0.11	-6.41	-81.02	101083.940	101087.862	21.852	1.194	-4.863	2017-06-09T01:43:11.000Z	-27.585537	-48.550872	187.6	0.01	3	3.922	1	50	0		
81790.4967	1	65.908	2.5376	101083.940	101087.862	0.000	0.32	-2.17	3.49	0.000	-3.48	-2.89	-1.16	0.88	-0.09	0.12	-5.75	-80.56	101083.940	101087.862	21.852	1.194	-4.863	2017-06-09T01:43:11.000Z	-27.585537	-48.550872	187.6	0.01	3	3.922	1	50	0		
81790.5315	1	65.908	3.1079	101083.940	101087.862	0.000	0.32	-2.17	3.49	0.000	-3.53	-3.05	-0.60	1.02	-0.12	0.13	-6.91	-80.12	101083.940	101087.862	21.852	1.194	-4.863	2017-06-09T01:43:11.000Z	-27.585537	-48.550872	187.6	0.01	3	5.882	1	50	0		
81790.5570	1	65.908	3.1079	101083.940	101087.862	0.000	0.32	-2.17	3.49	0.000	-3.31	-3.27	-0.73	1.04	-0.14	0.13	-7.69	-79.49	101083.940	101087.862	21.852	1.194	-4.863	2017-06-09T01:43:11.000Z	-27.585537	-48.550872	187.6	0.01	3	5.882	1	50	0		
81790.5860	1	65.705	3.1079	101084.682	101090.564	0.000	0.32	-2.17	3.49	0.000	-3.31	-3.27	-0.73	1.04	-0.14	0.13	-7.69	-79.49	101084.682	101090.564	21.853	1.194	-4.925	2017-06-09T01:43:11.000Z	-27.585537	-48.550872	187.6	0.01	3	5.882	1	50	0		
81790.6081	1	65.705	3.1079	101084.682	101090.564	0.000	0.32	-2.17	3.49	0.000	-3.25	-3.31	-0.85	1.06	-0.10	0.11	-5.31	-81.88	101084.682	101090.564	21.853	1.194	-4.925	2017-06-09T01:43:11.000Z	-27.585537	-48.550872	187.6	0.01	3	5.882	1	50	0		
81790.6301	1	65.705	3.1079	101084.682	101090.564	0.000	0.32	-2.17	3.49	0.000	-3.25	-3.31	-0.85	1.06	-0.10	0.11	-5.31	-81.88	101084.682	101090.564	21.853	1.194	-4.925	2017-06-09T01:43:11.000Z	-27.585537	-48.550872	187.6	0.01	3	5.882	1	50	0		
81790.6590	1	65.705	3.1079	101084.682	101090.564	0.000	0.32	-2.17	3.49	0.000	-2.84	-2.98	-0.06	1.05	-0.07	0.10	-3.60	-83.35	101084.682	101090.564	21.853	1.194	-4.925	2017-06-09T01:43:11.000Z	-27.585537	-48.550872	187.6	0.01	3	5.882	1	50	0		
81790.6811	1	65.705	3.1079	101084.682	101090.564	0.000	0.32	-2.17	3.49	0.000	-2.82	-2.98	0.06	1.06	-0.13	0.13	-6.98	-80.27	101084.682	101090.564	21.853	1.194	-4.925	2017-06-09T01:43:11.000Z	-27.585537	-48.550872	187.6	0.01	3	5.882	1	50	0		
81790.7034	1	66.279	3.1079	101082.585	101088.467	0.000	0.32	-2.17	3.49	0.000	-2.82	-2.98	0.06	1.06	-0.13	0.13	-6.98	-80.27	101082.585	101088.467	21.853	1.194	-4.750	2017-06-09T01:43:11.000Z	-27.585537	-48.550872	187.6	0.01	3	5.882	1	50	0	*)(#$%@!&*	
81790.7279	1	66.279	2.8371	101082.585	101088.467	0.000	0.32	-2.17	3.49	0.000	-2.98	-3.31	-0.24	1.07	-0.14	0.14	-7.31	-79.55	101082.585	101088.467	21.853	1.194	-4.750	2017-06-09T01:43:11.000Z	-27.585537	-48.550872	187.6	0.01	3	4.902	1	50	0	*)(#$%@!&*	
81790.7501	1	66.279	2.8371	101082.585	101088.467	0.000	0.32	-2.17	3.49	0.000	-3.19	-3.24	-0.11	1.06	-0.07	0.11	-3.98	-82.80	101082.585	101088.467	21.853	1.194	-4.750	2017-06-09T01:43:11.000Z	-27.585537	-48.550872	187.6	0.01	3	4.902	1	50	0	*)(#$%@!&*	
81790.7723	1	66.279	2.8371	101082.585	101088.467	0.000	0.32	-2.17	3.49	0.000	-3.19	-3.24	-0.11	1.06	-0.07	0.11	-3.98	-82.80	101082.585	101088.467	21.853	1.194	-4.750	2017-06-09T01:43:11.000Z	-27.585537	-48.550872	187.6	0.01	3	4.902	1	50	0	*)(#$%@!&*	
81790.7950	1	66.279	2.8371	101082.585	101088.467	0.000	0.32	-2.17	3.49	0.000	-3.36	-3.18	0.52	1.06	-0.09	0.11	-4.74	-82.33	101082.585	101088.467	21.853	1.194	-4.750	2017-06-09T01:43:11.000Z	-27.585537	-48.550872	187.6	0.01	3	4.902	1	50	0	*)(#$%@!&*	
81790.8244	1	66.279	2.8371	101082.585	101088.467	0.000	0.32	-2.17	3.49	0.000	-3.57	-3.02	0.75	1.03	-0.13	0.12	-6.87	-80.30	101082.585	101088.467	21.853	1.194	-4.750	2017-06-09T01:43:11.000Z	-27.585537	-48.550872	187.6	0.01	3	4.902	1	50	0	*)(#$%@!&*	
81790.8467	1	66.382	2.8371	101082.209	101087.111	0.000	0.32	-2.17	3.49	0.000	-3.57	-3.02	0.75	1.03	-0.13	0.12	-6.87	-80.30	101082.209	101087.111	21.854	1.194	-4.718	2017-06-09T01:43:11.000Z	-27.585537	-48.550872	187.6	0.01	3	4.902	1	50	0	*)(#$%@!&*	
81790.8688	1	66.382	2.8371	101082.209	101087.111	0.000	0.32	-2.17	3.49	0.000	-3.63	-3.28	-0.18	1.04	-0.15	0.25	-7.75	-74.50	101082.209	101087.111	21.854	1.194	-4.718	2017-06-09T01:43:11.000Z	-27.585537	-48.550872	187.6	0.01	3	4.902	1	50	0	*)(#$%@!&*	
81790.8909	1	66.382	2.8371	101082.209	101087.111	0.000	0.32	-2.17	3.49	0.000	-3.63	-3.28	-0.18	1.04	-0.15	0.25	-7.75	-74.50	101082.209	101087.111	21.854	1.194	-4.718	2017-06-09T01:43:11.000Z	-27.585537	-48.550872	187.6	0.01	3	4.902	1	50	0	*)(#$%@!&*	
81790.9198	1	66.382	2.8371	101082.209	101087.111	0.000	0.32	-2.17	3.49	0.000	-4.00	-3.31	0.17	1.03	-0.08	0.11	-4.67	-82.21	101082.209	101087.111	21.854	1.194	-4.718	2017-06-09T01:43:11.000Z	-27.585537	-48.550872	187.6	0.01	3	4.902	1	50	0	*)(#$%@!&*	
81790.9508	1	66.382	2.5376	101082.209	101087.111	0.000	0.32	-2.17	3.49	0.000	-3.65	-3.15	0.32	0.95	-0.12	0.12	-7.18	-79.70	101082.209	101087.111	21.854	1.194	-4.718	2017-06-09T01:43:11.000Z	-27.585537	-48.550872	187.6	0.01	3	3.922	1	50	0	*)(#$%@!&*	
81790.9788	1	65.874	2.5376	101084.064	101087.985	0.000	0.32	-2.17	3.49	0.000	-3.54	-3.44	-3.91	0.97	-0.18	0.12	-10.23	-77.50	101084.064	101087.985	21.853	1.194	-4.873	2017-06-09T01:43:11.000Z	-27.585537	-48.550872	187.6	0.01	3	3.922	1	50	0	*)(#$%@!&*	
81791.0009	1	65.874	2.5376	101084.064	101087.985	0.000	0.32	-2.17	3.49	0.000	-3.54	-3.44	-3.91	0.97	-0.18	0.12	-10.23	-77.50	101084.064	101087.985	21.853	1.194	-4.873	2017-06-09T01:43:11.000Z	-27.585537	-48.550872	187.6	0.01	3	3.922	1	50	0	*)(#$%@!&*	
81791.0230	1	65.874	2.5376	101084.064	101087.985	0.000	0.32	-2.17	3.49	0.000	-3.31	-3.37	-0.92	0.96	-0.00	0.24	-0.20	-75.67	101084.064	101087.985	21.853	1.194	-4.873	2017-06-09T01:43:11.000Z	-27.585537	-48.550872	187.6	0.01	3	3.922	1	50	0	*)(#$%@!&*	
81791.0453	1	65.874	2.5376	101084.064	101087.985	0.000	0.32	-2.17	3.49	0.000	-3.16	-3.08	-0.72	0.96	-0.10	0.11	-5.89	-81.16	101084.064	101087.985	21.853	1.194	-4.873	2017-06-09T01:43:11.000Z	-27.585537	-48.550872	187.6	0.01	3	3.922	1	50	0	*)(#$%@!&*	
81791.0746	1	65.874	2.5376	101084.064	101087.985	0.000	0.32	-2.17	3.49	0.000	-3.16	-3.08	-0.72	0.96	-0.10	0.11	-5.89	-81.16	101084.064	101087.985	21.853	1.194	-4.873	2017-06-09T01:43:11.000Z	-27.585537	-48.550872	187.6	0.01	3	3.922	1	50	0	*)(#$%@!&*	
81791.1007	1	66.555	2.5376	101081.574	101085.496	0.000	0.32	-2.17	3.49	0.000	-2.95	-2.90	-0.34	0.96	-0.13	0.11	-7.42	-80.13	101081.574	101085.496	21.854	1.194	-4.665	2017-06-09T01:43:11.000Z	-27.585537	-48.550872	187.6	0.01	3	3.922	1	50	0	*)(#$%@!&*	
81791.1269	1	66.555	2.5376	101081.574	101085.496	0.000	0.32	-2.17	3.49	0.000	-2.82	-3.07	-0.84	0.97	-0.15	0.13	-8.97	-78.29	101081.574	101085.496	21.854	1.194	-4.665	2017-06-09T01:43:11.000Z	-27.585537	-48.550872	187.6	0.01	3	3.922	1	50	0	*)(#$%@!&*	
81791.1496	1	66.555	2.5376	101081.574	101085.496	0.000	0.32	-2.17	3.49	0.000	-2.82	-3.07	-0.84	0.97	-0.15	0.13	-8.97	-78.29	101081.574	101085.496	21.854	1.194	-4.665	2017-06-09T01:43:11.000Z	-27.585537	-48.550872	187.6	0.01	3	3.922	1	50	0	*)(#$%@!&*	
81791.1729	1	66.555	2.5376	101081.574	101085.496	0.000	0.32	-2.17	3.49	0.000	-3.01	-3.34	-1.37	1.02	-0.12	0.12	-6.44	-80.80	101081.574	101085.496	21.854	1.194	-4.665	2017-06-09T01:43:11.000Z	-27.585537	-48.550872	187.6	0.01	3	3.922	1	50	0	*)(#$%@!&*	
81791.1996	1	66.555	2.5376	101081.574	101085.496	0.000	0.32	-2.17	3.49	0.000	-3.01	-3.34	-1.37	1.02	-0.12	0.12	-6.44	-80.80	101081.574	101085.496	21.854	1.194	-4.665	2017-06-09T01:43:11.000Z	-27.585537	-48.550872	187.6	0.01	3	3.922	1	50	0	*)(#$%@!&*	
81791.2218	1	66.155	2.5376	101083.038	101086.960	0.000	0.32	-2.17	3.49	0.000	-3.48	-3.13	0.23	1.05	-0.07	0.11	-3.96	-82.68	101083.038	101086.960	21.854	1.194	-4.788	2017-06-09T01:43:11.000Z	-27.585537	-48.550872	187.6	0.01	3	3.922	1	50	0	*)(#$%@!&*	
81791.2440	1	66.155	2.5376	101083.038	101086.960	0.000	0.32	-2.17	3.49	0.000	-3.48	-3.13	0.23	1.05	-0.07	0.11	-3.96	-82.68	101083.038	101086.960	21.854	1.194	-4.788	2017-06-09T01:43:11.000Z	-27.585537	-48.550872	187.6	0.01	3	3.922	1	50	0	*)(#$%@!&*	
81791.2730	1	66.155	2.5376	101083.038	101086.960	0.000	0.32	-2.17	3.49	0.000	-3.54	-3.18	0.31	1.06	-0.14	0.25	-7.38	-74.90	101083.038	101086.960	21.854	1.194	-4.788	2017-06-09T01:43:11.000Z	-27.585537	-48.550872	187.6	0.01	3	3.922	1	50	0	*)(#$%@!&*	
81791.2950	1	66.155	2.5376	101083.038	101086.960	0.000	0.32	-2.17	3.49	0.000	-3.73	-3.33	0.15	1.04	-0.12	0.13	-6.78	-80.22	101083.038	101086.960	21.854	1.194	-4.788	2017-06-09T01:43:11.000Z	-27.585537	-48.550872	187.6	0.01	3	3.922	1	50	0	*)(#$%@!&*	
81791.3171	1	66.155	2.5376	101083.038	101086.960	0.000	0.25	-2.12	3.46	0.000	-3.73	-3.33	0.15	1.04	-0.12	0.13	-6.78	-80.22	101083.038	101086.960	21.854	1.194	-4.788	2017-06-09T01:43:12.000Z	-27.585537	-48.550873	265.0	0.01	3	3.922	1	50	0	*)(#$%@!&*	
81791.3406	1	66.155	2.5376	101083.038	101086.960	0.000	0.25	-2.12	3.46	0.000	-3.83	-3.39	0.09	1.04	-0.10	0.11	-5.49	-81.70	101083.038	101086.960	21.854	1.194	-4.788	2017-06-09T01:43:12.000Z	-27.585537	-48.550873	265.0	0.01	3	3.922	1	50	0	*)(#$%@!&*	
81791.3635	1	66.184	2.5376	101082.932	101086.854	0.000	0.25	-2.12	3.46	0.000	-3.76	-3.40	0.78	1.02	-0.09	0.12	-5.00	-81.70	101082.932	101086.854	21.855	1.194	-4.779	2017-06-09T01:43:12.000Z	-27.585537	-48.550873	265.0	0.01	3	3.922	1	50	0	*)(#$%@!&*	
81791.3910	1	66.184	0.0000	101082.932	101086.854	0.000	0.25	-2.12	3.46	0.000	-3.48	-3.19	0.47	1.00	-0.14	0.12	-8.04	-79.32	101082.932	101086.854	21.855	1.194	-4.779	2017-06-09T01:43:12.000Z	-27.585537	-48.550873	265.0	0.01	3	0.000	1	50	0	*)(#$%@!&*	
81791.4225	1	66.184	0.0000	101082.932	101086.854	0.000	0.25	-2.12	3.46	0.000	-3.48	-3.19	0.47	1.00	-0.14	0.12	-8.04	-79.32	101082.932	101086.854	21.855	1.194	-4.779	2017-06-09T01:43:12.000Z	-27.585537	-48.550873	265.0	0.01	3	0.000	1	50	0	*)(#$%@!&*	
81791.4446	1	66.184	0.0000	101082.932	101086.854	0.000	0.25	-2.12	3.46	0.000	-3.47	-3.45	3.79	0.98	-0.14	0.12	-8.08	-79.21	101082.932	101086.854	21.855	1.194	-4.779	2017-06-09T01:43:12.000Z	-27.585537	-48.550873	265.0	0.01	3	0.000	1	50	0	*)(#$%@!&*	
81791.4685	1	66.184	0.0000	101082.932	101086.854	0.000	0.25	-2.12	3.46	0.000	-3.22	-3.28	0.06	0.98	-0.08	0.12	-4.79	-81.65	101082.932	101086.854	21.855	1.194	-4.779	2017-06-09T01:43:12.000Z	-27.585537	-48.550873	265.0	0.01	3	0.000	1	50	0	*)(#$%@!&*	
81791.4976	1	66.410	0.0000	101082.107	101082.107	0.000	0.25	-2.12	3.46	0.000	-3.22	-3.28	0.06	0.98	-0.08	0.12	-4.79	-81.65	101082.107	101082.107	21.855	1.194	-4.710	2017-06-09T01:43:12.000Z	-27.585537	-48.550873	265.0	0.01	3	0.000	1	50	0	*)(#$%@!&*	
81791.5197	1	66.410	0.0000	101082.107	101082.107	0.000	0.25	-2.12	3.46	0.000	-3.18	-3.19	0.46	0.97	-0.13	0.12	-7.44	-79.83	101082.107	101082.107	21.855	1.194	-4.710	2017-06-09T01:43:12.000Z	-27.585537	-48.550873	265.0	0.01	3	0.000	1	50	0	*)(#$%@!&*	
81791.5417	1	66.410	0.0000	101082.107	101082.107	0.000	0.25	-2.12	3.46	0.000	-3.18	-3.19	0.46	0.97	-0.13	0.12	-7.44	-79.83	101082.107	101082.107	21.855	1.194	-4.710	2017-06-09T01:43:12.000Z	-27.585537	-48.550873	265.0	0.01	3	0.000	1	50	0	*)(#$%@!&*	
81791.5706	1	66.410	0.0000	101082.107	101082.107	0.000	0.25	-2.12	3.46	0.000	-2.98	-3.24	0.02	0.96	-0.16	0.11	-9.45	-78.50	101082.107	101082.107	21.855	1.194	-4.710	2017-06-09T01:43:12.000Z	-27.585537	-48.550873	265.0	0.01	3	0.000	1	50	0	*)(#$%@!&*	
81791.5927	1	66.410	0.0000	101082.107	101082.107	0.000	0.25	-2.12	3.46	0.000	-3.13	-3.18	-0.96	0.95	-0.14	0.25	-8.21	-73.44	101082.107	101082.107	21.855	1.194	-4.710	2017-06-09T01:43:12.000Z	-27.585537	-48.550873	265.0	0.01	3	0.000	1	50	0	*)(#$%@!&*	
81791.6297	1	66.813	4.3952	101080.631	101092.396	0.000	0.25	-2.12	3.46	0.000	-3.21	-2.93	-0.81	0.96	-0.10	0.12	-5.65	-80.91	101080.631	101092.396	21.851	1.194	-4.587	2017-06-09T01:43:12.000Z	-27.585537	-48.550873	265.0	0.01	3	11.765	1	50	0	*)(#$%@!&*	
81791.6519	1	66.813	4.3952	101080.631	101092.396	0.000	0.25	-2.12	3.46	0.000	-3.21	-2.93	-0.81	0.96	-0.10	0.12	-5.65	-80.91	101080.631	101092.396	21.851	1.194	-4.587	2017-06-09T01:43:12.000Z	-27.585537	-48.550873	265.0	0.01	3	11.765	1	50	0	*)(#$%@!&*	
81791.6739	1	66.813	4.3952	101080.631	101092.396	0.000	0.25	-2.12	3.46	0.000	-3.47	-3.04	-0.26	0.97	-0.13	0.12	-7.40	-79.94	101080.631	101092.396	21.851	1.194	-4.587	2017-06-09T01:43:12.000Z	-27.585537	-48.550873	265.0	0.01	3	11.765	1	50	0	*)(#$%@!&*	
81791.6987	1	66.813	4.3952	101080.631	101092.396	0.000	0.25	-2.12	3.46	0.000	-3.48	-3.01	-0.81	0.98	-0.16	0.12	-9.33	-78.33	101080.631	101092.396	21.851	1.194	-4.587	2017-06-09T01:43:12.000Z	-27.585537	-48.550873	265.0	0.01	3	11.765	1	50	0	*)(#$%@!&*	
81791.7210	1	66.813	4.3952	101080.631	101092.396	0.000	0.25	-2.12	3.46	0.000	-3.48	-3.01	-0.81	0.98	-0.16	0.12	-9.33	-78.33	101080.631	101092.396	21.851	1.194	-4.587	2017-06-09T01:43:12.000Z	-27.585537	-48.550873	265.0	0.01	3	11.765	1	50	0		
81791.7456	1	66.236	4.3952	101082.741	101094.505	0.000	0.25	-2.12	3.46	0.000	-3.50	-3.21	-1.45	1.00	-0.12	0.12	-6.51	-80.45	101082.741	101094.505	21.852	1.194	-4.763	2017-06-09T01:43:12.000Z	-27.585537	-48.550873	265.0	0.01	3	11.765	1	50	0		
81791.7678	1	66.236	4.3952	101082.741	101094.505	0.000	0.25	-2.12	3.46	0.000	-3.50	-3.21	-1.45	1.00	-0.12	0.12	-6.51	-80.45	101082.741	101094.505	21.852	1.194	-4.763	2017-06-09T01:43:12.000Z	-27.585537	-48.550873	265.0	0.01	3	11.765	1	50	0		
81791.7968	1	66.236	4.3952	101082.741	101094.505	0.000	0.25	-2.12	3.46	0.000	-3.25	-2.92	-0.90	1.03	-0.07	0.12	-3.61	-82.23	101082.741	101094.505	21.852	1.194	-4.763	2017-06-09T01:43:12.000Z	-27.585537	-48.550873	265.0	0.01	3	11.765	1	50	0		
81791.8241	1	66.236	0.0000	101082.741	101094.505	0.000	0.25	-2.12	3.46	0.000	-3.44	-3.36	-0.55	1.03	-0.13	0.13	-6.88	-80.19	101082.741	101094.505	21.852	1.194	-4.763	2017-06-09T01:43:12.000Z	-27.585537	-48.550873	265.0	0.01	3	0.000	1	50	0		
81791.8521	1	66.236	0.0000	101082.741	101094.505	0.000	0.25	-2.12	3.46	0.000	-3.25	-3.16	-0.76	1.05	-0.15	0.13	-7.83	-79.39	101082.741	101094.505	21.852	1.194	-4.763	2017-06-09T01:43:12.000Z	-27.585537	-48.550873	265.0	0.01	3	0.000	1	50	0		
81791.8742	1	66.286	0.0000	101082.558	101082.558	0.000	0.25	-2.12	3.46	0.000	-3.25	-3.16	-0.76	1.05	-0.15	0.13	-7.83	-79.39	101082.558	101082.558	21.852	1.194	-4.748	2017-06-09T01:43:12.000Z	-27.585537	-48.550873	265.0	0.01	3	0.000	1	50	0		
81791.9000	1	66.286	0.0000	101082.558	101082.558	0.000	0.25	-2.12	3.46	0.000	-3.16	-3.22	-0.84	1.06	-0.09	0.12	-5.07	-81.67	101082.558	101082.558	21.852	1.194	-4.748	2017-06-09T01:43:12.000Z	-27.585537	-48.550873	265.0	0.01	3	0.000	1	50	0		
81791.9241	1	66.286	0.0000	101082.558	101082.558	0.000	0.25	-2.12	3.46	0.000	-2.82	-3.02	-0.21	1.05	-0.07	0.12	-3.87	-82.61	101082.558	101082.558	21.852	1.194	-4.748	2017-06-09T01:43:12.000Z	-27.585537	-48.550873	265.0	0.01	3	0.000	1	50	0		
81791.9462	1	66.286	0.0000	101082.558	101082.558	0.000	0.25	-2.12	3.46	0.000	-2.82	-3.02	-0.21	1.05	-0.07	0.12	-3.87	-82.61	101082.558	101082.558	21.852	1.194	-4.748	2017-06-09T01:43:12.000Z	-27.585537	-48.550873	265.0	0.01	3	0.000	1	50	0		
81791.9681	1	66.286	0.0000	101082.558	101082.558	0.000	0.25	-2.12	3.46	0.000	-2.95	-3.27	0.21	1.06	-0.25	0.13	-13.09	-75.18	101082.558	101082.558	21.852	1.194	-4.748	2017-06-09T01:43:12.000Z	-27.585537	-48.550873	265.0	0.01	3	0.000	1	50	0		
81791.9925	1	66.286	0.0000	101082.558	101082.558	0.000	0.25	-2.12	3.46	0.000	-3.39	-3.28	-0.11	1.07	-0.13	0.13	-6.83	-80.29	101082.558	101082.558	21.852	1.194	-4.748	2017-06-09T01:43:12.000Z	-27.585537	-48.550873	265.0	0.01	3	0.000	1	50	0		
81792.0213	1	66.517	0.0000	101081.713	101081.713	0.000	0.25	-2.12	3.46	0.000	-3.39	-3.28	-0.11	1.07	-0.13	0.13	-6.83	-80.29	101081.713	101081.713	21.852	1.194	-4.677	2017-06-09T01:43:12.000Z	-27.585537	-48.550873	265.0	0.01	3	0.000	1	50	0		
81792.0488	1	66.517	4.9140	101081.713	101081.713	0.000	0.25	-2.12	3.46	0.000	-3.39	-3.25	-0.03	1.06	-0.09	0.12	-4.74	-82.20	101081.713	101081.713	21.852	1.194	-4.677	2017-06-09T01:43:12.000Z	-27.585537	-48.550873	265.0	0.01	3	14.706	1	50	0		
81792.0789	1	66.517	4.9140	101081.713	101081.713	0.000	0.25	-2.12	3.46	0.000	-3.48	-2.95	0.76	1.12	-0.11	0.11	-5.43	-82.21	101081.713	101081.713	21.852	1.194	-4.677	2017-06-09T01:43:12.000Z	-27.585537	-48.550873	265.0	0.01	3	14.706	1	50	0		
81792.1014	1	66.517	4.9140	101081.713	101081.713	0.000	0.25	-2.12	3.46	0.000	-3.48	-2.95	0.76	1.12	-0.11	0.11	-5.43	-82.21	101081.713	101081.713	21.852	1.194	-4.677	2017-06-09T01:43:12.000Z	-27.585537	-48.550873	265.0	0.01	3	14.706	1	50	0		
81792.1237	1	66.517	4.9140	101081.713	101081.713	0.000	0.25	-2.12	3.46	0.000	-3.63	-3.21	0.37	0.97	-0.16	0.12	-9.26	-78.32	101081.713	101081.713	21.852	1.194	-4.677	2017-06-09T01:43:12.000Z	-27.585537	-48.550873	265.0	0.01	3	14.706	1	50	0		
81792.1517	1	66.400	4.9140	101082.142	101096.848	0.000	0.25	-2.12	3.46	0.000	-3.53	-3.30	-0.34	0.97	-0.13	0.13	-7.77	-79.25	101082.142	101096.848	21.854	1.194	-4.713	2017-06-09T01:43:12.000Z	-27.585537	-48.550873	265.0	0.01	3	14.706	1	50	0		
81792.1755	1	66.400	4.9140	101082.142	101096.848	0.000	0.25	-2.12	3.46	0.000	-3.53	-3.30	-0.34	0.97	-0.13	0.13	-7.77	-79.25	101082.142	101096.848	21.854	1.194	-4.713	2017-06-09T01:43:12.000Z	-27.585537	-48.550873	265.0	0.01	3	14.706	1	50	0		
81792.1978	1	66.400	4.9140	101082.142	101096.848	0.000	0.25	-2.12	3.46	0.000	-3.62	-3.25	-0.15	0.97	-0.09	0.12	-5.18	-81.32	101082.142	101096.848	21.854	1.194	-4.713	2017-06-09T01:43:12.000Z	-27.585537	-48.550873	265.0	0.01	3	14.706	1	50	0		
81792.2200	1	66.400	4.9140	101082.142	101096.848	0.000	0.25	-2.12	3.46	0.000	-3.45	-3.01	0.38	0.97	-0.13	0.12	-7.58	-79.63	101082.142	101096.848	21.854	1.194	-4.713	2017-06-09T01:43:12.000Z	-27.585537	-48.550873	265.0	0.01	3	14.706	1	50	0		
81792.2505	1	66.400	4.9140	101082.142	101096.848	0.000	0.25	-2.12	3.46	0.000	-3.45	-3.01	0.38	0.97	-0.13	0.12	-7.58	-79.63	101082.142	101096.848	21.854	1.194	-4.713	2017-06-09T01:43:12.000Z	-27.585537	-48.550873	265.0	0.01	3	14.706	1	50	0		
81792.2741	1	66.570	0.0000	101081.521	101096.227	0.000	0.25	-2.12	3.46	0.000	-3.07	-3.33	-0.38	1.06	-0.13	0.12	-7.00	-80.41	101081.521	101096.227	21.855	1.194	-4.661	2017-06-09T01:43:12.000Z	-27.585537	-48.550873	265.0	0.01	3	0.000	1	50	0		
81792.3035	1	66.570	0.0000	101081.521	101096.227	0.000	0.16	-2.00	3.42	0.000	-3.07	-3.33	-0.38	1.06	-0.13	0.12	-7.00	-80.41	101081.521	101096.227	21.855	1.194	-4.661	2017-06-09T01:43:13.000Z	-27.585536	-48.550873	323.8	0.03	3	0.000	1	50	0		
81792.3258	1	66.570	0.0000	101081.521	101096.227	0.000	0.16	-2.00	3.42	0.000	-2.95	-3.31	-0.44	1.07	-0.09	0.12	-4.86	-81.89	101081.521	101096.227	21.855	1.194	-4.661	2017-06-09T01:43:13.000Z	-27.585536	-48.550873	323.8	0.03	3	0.000	1	50	0		
81792.3479	1	66.570	0.0000	101081.521	101096.227	0.000	0.16	-2.00	3.42	0.000	-3.02	-3.33	0.44	1.05	-0.06	0.12	-3.42	-82.49	101081.521	101096.227	21.855	1.194	-4.661	2017-06-09T01:43:13.000Z	-27.585536	-48.550873	323.8	0.03	3	0.000	1	50	0		
81792.3769	1	66.570	0.0000	101081.521	101096.227	0.000	0.16	-2.00	3.42	0.000	-3.02	-3.33	0.44	1.05	-0.06	0.12	-3.42	-82.49	101081.521	101096.227	21.855	1.194	-4.661	2017-06-09T01:43:13.000Z	-27.585536	-48.550873	323.8	0.03	3	0.000	1	50	0		
81792.3991	1	66.340	0.0000	101082.362	101082.362	0.000	0.16	-2.00	3.42	0.000	-3.07	-3.15	0.64	1.06	-0.13	0.12	-6.80	-80.77	101082.362	101082.362	21.852	1.194	-4.731	2017-06-09T01:43:13.000Z	-27.585536	-48.550873	323.8	0.03	3	0.000	1	50	0		
81792.4212	1	66.340	0.0000	101082.362	101082.362	0.000	0.16	-2.00	3.42	0.000	-3.07	-3.15	0.64	1.06	-0.13	0.12	-6.80	-80.77	101082.362	101082.362	21.852	1.194	-4.731	2017-06-09T01:43:13.000Z	-27.585536	-48.550873	323.8	0.03	3	0.000	1	50	0		
81792.4501	1	66.340	0.0000	101082.362	101082.362	0.000	0.16	-2.00	3.42	0.000	-3.19	-3.11	-3.89	1.04	-0.15	0.12	-8.03	-79.51	101082.362	101082.362	21.852	1.194	-4.731	2017-06-09T01:43:13.000Z	-27.585536	-48.550873	323.8	0.03	3	0.000	1	50	0		
81792.4722	1	66.340	0.0000	101082.362	101082.362	0.000	0.16	-2.00	3.42	0.000	-3.40	-3.56	0.17	1.05	-0.09	0.12	-4.74	-82.03	101082.362	101082.362	21.852	1.194	-4.731	2017-06-09T01:43:13.000Z	-27.585536	-48.550873	323.8	0.03	3	0.000	1	50	0		
81792.4944	1	66.340	0.0000	101082.362	101082.362	0.000	0.16	-2.00	3.42	0.000	-3.40	-3.56	0.17	1.05	-0.09	0.12	-4.74	-82.03	101082.362	101082.362	21.852	1.194	-4.731	2017-06-09T01:43:13.000Z	-27.585536	-48.550873	323.8	0.03	3	0	1	50	0		
81792.5165	1	66.340	0.0000	101082.362	101082.362	0.000	0.16	-2.00	3.42	0.000	-3.54	-3.59	0.23	1.02	-0.08	0.12	-4.45	-82.07	101082.362	101082.362	21.852	1.194	-4.731	2017-06-09T01:43:13.000Z	-27.585536	-48.550873	323.8	0.03	3	0	1	50	0		
81792.5406	1	66.640	0.0000	101081.266	101081.266	0.000	0.16	-2.00	3.42	0.000	-7.82	-3.34	0.53	1.04	-0.14	0.12	-7.77	-79.91	101081.266	101081.266	21.854	1.194	-4.640	2017-06-09T01:43:13.000Z	-27.585536	-48.550873	323.8	0.03	3	0	1	50	0		
81792.5627	1	66.640	0.0000	101081.266	101081.266	0.000	0.16	-2.00	3.42	0.000	-7.82	-3.34	0.53	1.04	-0.14	0.12	-7.77	-79.91	101081.266	101081.266	21.854	1.194	-4.640	2017-06-09T01:43:13.000Z	-27.585536	-48.550873	323.8	0.03	3	0	1	50	0		
81792.5849	1	66.640	0.0000	101081.266	101081.266	0.000	0.16	-2.00	3.42	0.000	-3.89	-3.30	0.23	1.00	-0.13	0.13	-7.61	-79.43	101081.266	101081.266	21.854	1.194	-4.640	2017-06-09T01:43:13.000Z	-27.585536	-48.550873	323.8	0.03	3	0	1	50	0		
81792.6069	1	66.640	0.0000	101081.266	101081.266	0.000	0.16	-2.00	3.42	0.000	-3.89	-3.30	0.23	1.00	-0.13	0.13	-7.61	-79.43	101081.266	101081.266	21.854	1.194	-4.640	2017-06-09T01:43:13.000Z	-27.585536	-48.550873	323.8	0.03	3	0	1	50	0		
81792.6358	1	66.640	0.0000	101081.266	101081.266	0.000	0.16	-2.00	3.42	0.000	-3.65	-3.11	0.11	1.02	-0.08	0.11	-4.51	-82.16	101081.266	101081.266	21.854	1.194	-4.640	2017-06-09T01:43:13.000Z	-27.585536	-48.550873	323.8	0.03	3	0	1	50	0		
81792.6615	1	65.990	0.0000	101083.639	101083.639	0.000	0.16	-2.00	3.42	0.000	-3.57	-3.39	0.61	0.99	-0.13	0.12	-7.39	-80.03	101083.639	101083.639	21.854	1.194	-4.838	2017-06-09T01:43:13.000Z	-27.585536	-48.550873	323.8	0.03	3	0	1	50	0		
81792.6892	1	65.990	0.0000	101083.639	101083.639	0.000	0.16	-2.00	3.42	0.000	-3.25	-3.31	0.40	0.97	-0.16	0.11	-9.05	-78.88	101083.639	101083.639	21.854	1.194	-4.838	2017-06-09T01:43:13.000Z	-27.585536	-48.550873	323.8	0.03	3	0.000	1	50	0		
